1759
-1.0 0.00248742057
9.147751732 0.00029619343700000003
8.955506322 0.0073925131
-1.0 0.0069268983790000006
-1.0 0.0034649267330000002
7.710029904 0.06542904675
6.921111412 0.001343887765
-1.0 0.05274656415
-1.0 0.1158825532
9.003170977 0.004640442785
-1.0 0.017525440080000003
-1.0 0.08423259108999999
8.708438753 0.010435741390000001
3.943020238 0.009824523702
-1.0 0.01465590205
8.972456849 1.0
-1.0 0.004021904430999999
8.101152914 0.014039099219999998
9.097378238 0.017950290810000002
-1.0 0.003585138591
4.30473258 0.2738938332
-1.0 0.006696495693
-1.0 0.004768532701
-1.0 0.05009097978
6.17231216 0.028548419480000004
-1.0 0.009258235805
-1.0 0.1815369725
8.773453225 0.0187133085
-1.0 0.5360757709
-1.0 0.003334548324
5.53026045 0.011456280020000001
9.152690617000001 0.012109471489999999
8.808885211 0.004810603801
6.827845667 0.02422791906
-1.0 0.0014887544089999998
6.585041703 0.05782286823
8.727412411 0.005698566790999999
7.535525087999999 0.00431879051
-1.0 0.0013847444209999999
-1.0 0.034589547660000004
8.632276082999999 0.007859447971
-1.0 0.34593096380000005
7.440724391 0.8212046027
8.283206465 0.0241268333
-1.0 0.002453271532
9.474447487 0.006278543732999999
9.54069254 0.008823672309999999
9.488139244 0.02011908032
-1.0 0.003494539764
-1.0 0.005857788026000001
6.12586856 0.004563044291
4.609533483 0.003731231904
8.701741242999999 0.006033204496
8.387057685 0.3142942786
6.776429102000001 0.0034166441759999997
-1.0 0.01139907166
6.251551753999999 0.004302164539999999
-1.0 0.08500128984
7.04123276 0.01006974652
-1.0 0.002854428254
-1.0 0.02019186877
-1.0 0.03594392166
-1.0 0.002001200337
-1.0 0.0028983813240000002
-1.0 0.0030949760690000003
7.2986191289999995 0.0048412792379999995
7.640305624 0.006820289418
7.78227453 0.005497670267000001
-1.0 0.01919793896
-1.0 0.02173310891
-1.0 0.1495666802
5.287186996 0.0030298142229999996
-1.0 0.005676466972
-1.0 0.007856362499
-1.0 0.003350097453
-1.0 0.00048037883239999995
8.698781996000001 4.661729918e-07
8.897483844 0.008709486574000001
8.817072504 0.02280603349
6.935531577000001 0.001840716926
-1.0 0.004291750491
8.912476125 0.0030061504800000002
8.573989637999999 0.0059323040769999995
-1.0 0.030823966489999997
8.455396283999999 0.00119778642
-1.0 0.08131683618
8.364801101 0.016036307439999998
6.96304398 0.006535165012000001
9.43021722 1.0
-1.0 0.01529202517
-1.0 0.009419074282
7.821076702999999 0.01064966992
9.491903237999999 0.2635105848
9.056534597 0.0176469665
-1.0 0.1866010725
7.6535281379999995 0.00209338218
8.696586163 0.002301206812
-1.0 0.002043467481
-1.0 0.001599032548
-1.0 0.005241174717
8.404180246000001 0.015050854530000003
8.878313387 0.45763731
7.352210793999999 0.009424393997
-1.0 0.0009716082713999999
7.490804705 0.04579120129
8.609343895 0.006836262066000001
7.942651402 0.001944695483
-1.0 0.4582265317
9.31781191 0.007615126668999999
8.639699400000001 0.1310153306
-1.0 0.0014365408569999999
9.445321055 0.025621764359999997
8.429242184 0.1147518232
8.812212597 0.004608588759
8.142252256 0.01457271725
8.425262129 0.2208877951
6.839784825 0.05139629915
-1.0 0.1246805564
-1.0 0.12007717039999999
8.700060662 0.07567393035
-1.0 0.016451803969999998
6.057869182 0.0037757656540000004
-1.0 0.02195720375
8.606474618 0.002533431631
-1.0 0.01323221065
8.269917516 0.09192919731
9.477873659 0.0352736488
7.829459914 0.02761820704
-1.0 0.11792524900000001
9.432074869 0.01702554338
9.657276239 0.08363971114
-1.0 0.002534362953
8.832587828 0.6885597109999999
-1.0 0.01931018382
-1.0 0.0064685088580000005
4.84769754 0.014570050869999998
-1.0 0.002351466799
9.31781191 0.005899792071
9.492792363 0.011142736299999999
9.370768757999999 0.2800694406
-1.0 0.001859897282
-1.0 0.002944295062
7.483366727999999 0.014514474199999999
7.782654635 0.007379126735000001
8.263375905 0.003518127138
9.221794136 0.00891398266
8.070349007999999 0.010984154420000001
-1.0 0.01047150604
-1.0 0.005227671005
-1.0 0.01008635573
8.724684469 0.01872746833
5.184021411 0.01603572257
5.56047077 0.00222417363
9.021185134 0.0144865429
9.024991087 0.008824266493000001
-1.0 0.003874565242
8.346877393 0.0231300313
8.204284612999999 0.0013902268840000002
7.827991923 0.001911065541
-1.0 0.01159675792
7.08334855 0.039417862889999995
7.517183826 0.007529780734
7.350809666 0.002554621082
6.068726889 0.0066776392050000005
-1.0 0.000702970312
-1.0 0.0016757000699999997
-1.0 0.004347801674
-1.0 0.41032049060000003
-1.0 0.3414004445
-1.0 0.0056046857499999995
-1.0 0.002264576033
-1.0 0.003283458063
-1.0 0.0052487472999999995
-1.0 0.004185208119
8.221586339 0.026886321600000002
-1.0 0.4535142779
-1.0 0.0004942543455
9.304564379 0.004318951629
7.805066211000001 0.003898123978
-1.0 0.010522358119999999
8.678452862 0.004702887032
5.141953448 0.01690563932
-1.0 0.0002101313148
6.6309854989999995 0.003695458407
-1.0 0.0013052375290000002
8.470206248 0.004697562195
5.854359153 0.003000109689
-1.0 0.006471555679999999
-1.0 0.178853929
-1.0 0.0033362056130000002
-1.0 0.0014293595449999998
-1.0 0.004808985628
5.023882669 0.003771170275
-1.0 0.009004355408
-1.0 0.1024570093
-1.0 0.004359013401
-1.0 0.09173993766
-1.0 0.107924886
6.2604102070000005 0.46865236759999995
-1.0 0.010604523119999999
9.451266394 0.04814883322
-1.0 0.002872341312
-1.0 0.004757322371
7.813492786 0.00641641207
9.063075979 0.007520005107
-1.0 0.20968656239999997
-1.0 0.003274590243
8.454242135 0.001800486352
3.538442807 0.005770468153
7.669034357999999 0.007898131385
7.790538755 0.008915661834
-1.0 0.003676921362
8.38793524 0.005745986942
8.566188831 0.27470305559999997
-1.0 0.0064346008
-1.0 0.002701902064
-1.0 0.0048195282
-1.0 0.0022202925760000003
-1.0 0.009951488114999999
-1.0 0.03379841894
-1.0 0.05133828148
-1.0 0.040099631989999995
6.495020816 0.024610787630000002
8.312178977 0.05785090103999999
8.598753517 0.0027747123969999996
9.202230469 0.0057099596600000005
-1.0 0.006205256563
-1.0 0.004013813101
-1.0 0.001232490176
-1.0 0.007990892977
7.55665449 0.01100826636
8.795227921 0.007741842419
9.652347145 0.09387875348
-1.0 0.01876692846
9.180059484 0.03255476803
-1.0 0.007933639921
-1.0 0.004287568852
4.351152008 0.00994103495
-1.0 0.004853820894
6.050618839 0.000868827221
-1.0 0.007439949083999999
-1.0 0.002564220456
-1.0 0.07287619262999999
4.801787162 0.016041707250000002
-1.0 0.1664891541
-1.0 0.0041298442519999996
6.7958574060000005 0.005618513096
8.999679467 0.01048956625
-1.0 0.03082811832
8.975069282 0.01153955143
8.693303204 0.014906374740000002
6.2905568789999995 0.00299386098
8.191390756 0.005414897576
-1.0 0.00892800279
8.528489102 0.0016942048680000002
7.5715838810000005 0.007382828742
6.029299547999999 0.02426828071
-1.0 0.02633043565
-1.0 0.033843867480000005
9.204662554 0.01775672846
6.86538218 0.01127333287
7.344924207999999 0.008070594631000001
-1.0 0.00379938609
9.489338304 0.19012923539999999
7.316303698 0.008552682586
8.527711876 0.008421720936999999
-1.0 0.03263763338
8.244069925 0.006980684586
7.978786464 0.009639374912
5.978207326000001 0.008176612668
7.266408016000001 0.00355063146
8.995772415 0.7367610335
9.494622524 0.006559784524
-1.0 0.004358191974
-1.0 0.00743582705
-1.0 0.001252212678
8.381953467 0.0034477296289999997
-1.0 0.003251301823
-1.0 0.001268901979
7.940834203 0.005125547759
7.765572495 0.001437684288
9.367523047 0.002531365491
6.536189152 0.0003760331601
-1.0 0.022967064750000002
8.271798758 0.004480641335
9.397576701 0.004363510758
7.023635396 0.03376915306
-1.0 0.03170495108
-1.0 0.007444331888
-1.0 0.004772790242
-1.0 0.01509158406
8.341596009 0.01394063979
-1.0 0.004457942676
7.78810773 0.004931211937
-1.0 0.002639519982
7.170171433999999 0.003987703472
6.5600491860000005 0.3108757734
9.101732499999999 0.4813636839
6.953209178 0.004336374346
7.608827828 0.004334930331
9.090266185 0.000854822807
8.532139361 0.0025138561610000003
9.091326032000001 0.01396164205
7.53336665 0.006154600531000001
-1.0 0.001094445819
9.294925301000001 1.0
-1.0 0.04282159731000001
6.0797846710000005 0.008433358743999999
6.931782111 0.001500573591
8.964580445 0.005331816617
8.371553173999999 0.007381062023
5.713978437000001 0.007705821190000001
-1.0 0.01706556417
9.457417652 0.000441559765
8.131923629 0.01681333967
-1.0 0.012471143159999998
8.609072224 0.18960143629999998
7.720924489 0.05166762322
8.139562724 0.001280315453
9.397174677999999 0.01146723982
-1.0 0.004243177827
7.208378441 0.1182424873
-1.0 0.02135795727
9.17598525 0.04629429057
9.194723742 0.010672211650000001
-1.0 0.0033891329080000003
-1.0 0.02114491165
9.053903169 0.006194318645
-1.0 0.02614725381
6.134272827999999 0.014647793959999999
8.203833762999999 0.012723690829999999
9.113284602 0.014019128869999998
-1.0 0.001441295375
5.335541064 0.01005320717
-1.0 0.01612575352
8.27993485 0.01906231046
-1.0 1.0
7.077311963 0.0003688611614
6.82964428 0.011916954070000001
9.011040184 0.006141243502
4.125475809 0.005080760922
9.234658291 0.0002450163593
7.575696309 0.0077804527249999995
6.715300075 0.010458697559999999
9.176126075 0.001594092813
6.748902623999999 0.028307298199999997
-1.0 0.00942834001
-1.0 0.006171023473000001
-1.0 0.001142311259
5.784491696 0.002973188879
-1.0 0.0006412058719
8.177074296 0.008635248989
8.553124206 0.01948628575
8.458502941 0.01136220153
8.941444043999999 0.0162802022
8.466331211 0.02208169177
9.458600279 0.01597399637
7.144700449 0.01057080925
8.06212142 0.0035928189750000002
7.464459086000001 0.0005247066147
6.274596894 0.015888435769999997
6.896138066000001 0.01323003881
9.254886053 0.00416538585
5.656514165 0.005498923360999999
7.345511836 0.006815311964999999
9.420555159 0.01018194295
-1.0 0.0033011562190000004
-1.0 0.1469711065
-1.0 0.005988189485000001
8.773297366 0.006010994315
-1.0 0.0004928358831
9.496003086 0.3715497255
8.473244528 0.009537835605
-1.0 0.012857083229999998
7.254623597999999 0.01428519934
4.291588298 0.2850759923
-1.0 0.006284653209000001
-1.0 0.009463992901
8.552403799 0.010924054309999999
7.293503529 0.00280446792
-1.0 0.6471756101
6.036935595 0.0064534582200000004
9.478231895 0.002073633019
8.44861086 0.003447912866
7.312156355 0.02312696539
-1.0 0.02063965611
9.086980123 0.008629854769
8.834551497 0.01009900961
-1.0 0.002987567801
-1.0 0.0040907971559999996
-1.0 0.01718806289
6.373135276 0.000570485252
-1.0 0.015492775480000002
7.670108192000001 0.20156973600000003
6.943681922000001 0.001071294188
-1.0 0.0207790453
8.541521413 0.04723372309999999
-1.0 0.005841149017000001
7.920167631 0.007091423031
-1.0 0.12131954730000001
6.774064424 0.02467714064
5.659867983 0.01620940864
8.400210689 0.01046269666
9.598127117 0.08077570796
8.675796757 0.008196342736
9.114351078 0.003351051593
9.40396289 0.000774449145
-1.0 0.02041674219
8.402884713999999 0.005568257999
-1.0 0.1070185602
-1.0 0.0020604475870000002
6.088476088999999 0.011816049930000001
-1.0 0.0018431905189999999
9.3218035 0.4650896788
-1.0 0.0078045977280000005
-1.0 0.08651023357999998
-1.0 0.006014343817
-1.0 0.062012583020000005
8.556701362 0.006911961827
9.286280949 0.006850703619
8.77492982 0.01417708211
-1.0 0.0009407103062
7.924112545 0.008821201511
7.26573458 0.0054187932979999996
-1.0 0.0047956318589999995
7.999020985 0.08889378607000001
-1.0 0.058050170539999994
8.03002732 0.023591550069999998
-1.0 0.008589664474
8.624203332 0.021106442439999998
9.385986952 0.0053456639870000005
8.041431775 0.001957210246
7.553980407 0.001380430418
-1.0 0.1204888672
9.095216621 0.3897109926
8.194613126 0.005692877807
9.639386851 0.006916100159
-1.0 0.001955896616
-1.0 0.010312690400000001
-1.0 0.01705175638
9.438466743 0.008191383444
7.515830772 0.01716046408
6.7491805 0.006879664958
-1.0 0.001614122069
9.480502469 0.004420446232
8.700049827 0.7254462838
-1.0 0.01612399891
8.890894997 0.012950504199999999
-1.0 0.03656666353
3.1317016719999997 0.0075996611270000005
9.380073815 0.009127175435
3.612059022 0.001266353065
7.967689285 0.0030844633
-1.0 0.007831070572
5.335785711000001 0.0013662392739999998
6.2571267310000005 0.01053558942
-1.0 0.026476740840000002
-1.0 0.006750898900999999
-1.0 0.007659302093
7.402475624 0.0191451069
8.635162132 1.0
-1.0 0.001806515036
-1.0 0.002185010351
9.460729009 0.0069949119350000005
-1.0 0.014114881869999998
9.309940018999999 0.1869477332
-1.0 0.01034001634
7.289846077000001 0.02619048394
-1.0 0.01675205305
-1.0 0.0004803413176
-1.0 0.06108179316000001
-1.0 0.01832646877
-1.0 0.001857749419
-1.0 0.027751639489999997
9.462441155 0.010943863540000001
9.258792037000001 0.15967690939999998
9.386086899 0.00567924371
-1.0 0.259827137
-1.0 0.007984158582999999
-1.0 0.02747039124
8.226925612999999 0.35831743479999995
-1.0 0.00903494563
6.620532498999999 0.0032248557549999996
-1.0 0.009598239325
9.006167172 0.14274856449999998
-1.0 0.01765798405
-1.0 0.0019137087510000001
8.985417112999999 1.0
8.899310612999999 0.01391123515
7.886261426 0.0013262939170000001
-1.0 0.016649719330000003
8.31416823 0.005332589148999999
-1.0 0.08070109785
6.980479794 0.00882284157
8.095572138 0.0052347783929999996
-1.0 0.0060491147450000005
7.498151967 0.034913674
-1.0 0.01704282872
8.614353844 0.01831428707
-1.0 0.01581489481
-1.0 0.01712787896
8.594163419 0.01198974159
6.914878959 0.05470561981000001
-1.0 0.2313937694
9.160577539 0.15402796859999998
-1.0 0.001330420724
-1.0 0.0045543331650000005
-1.0 0.0157245826
4.935077219 0.01555340085
9.354654599 0.004973852541
-1.0 0.010990638290000002
6.845976829 0.01737749763
-1.0 0.1066090837
8.795913102 0.0299466867
-1.0 0.006319488399
-1.0 0.029400998730000003
-1.0 0.08418982476
-1.0 0.004442339297
7.563866900000001 0.010521008629999998
-1.0 0.007222793996
9.279725216000001 0.0041664433669999995
7.560228697 0.009919141419
8.741995897 0.3346792459
-1.0 0.0044364444910000005
8.581539625 0.008213201538
7.028475441 0.01647145301
-1.0 0.01681886055
9.49065769 0.003946688958
9.29874881 0.05541302264
-1.0 0.05624512583
-1.0 0.014098469169999999
-1.0 0.3663390875
7.047145135 0.005696296226
-1.0 0.001325376914
8.154641948 0.0005515064112999999
9.107343157999999 0.005094355438
5.795632052 0.017443988469999998
5.374361436 0.001024434343
-1.0 0.03142548352
-1.0 0.015448015180000002
9.188059556 0.003638024209
8.8684218 0.021485611800000002
-1.0 0.05179126188
8.941849361000001 0.008958841674
9.221358853 0.0030296053739999997
4.667721724 0.017761379480000002
9.3702577 0.0052416305989999995
9.201749326 0.004050910473
-1.0 0.3530441821
8.788517011 0.4849679768
-1.0 0.009398654103
-1.0 0.003904699814
7.967921633 0.010517574850000001
8.535485565 0.003865620121
8.438498138 0.01465646643
7.812175749 0.02541356534
-1.0 0.055457659070000005
7.558431215 0.0039070895870000006
6.970848775 0.0002819565125
-1.0 0.00242361892
-1.0 0.011940795
9.231739785 0.000619292201
8.860863355 0.007961447351
-1.0 0.0005393326865
9.01189654 0.013524577019999998
-1.0 0.006554606371000001
9.031721487 0.008823921904
6.8207241960000005 0.008523034863
9.105131994 0.024765267969999998
7.238968959 0.04906809703
9.362584216 0.0063762520440000005
7.285318515 0.004275484942
9.14314222 0.4410401881
-1.0 0.0018774903150000001
4.424770994 0.003970726393
-1.0 0.019343571740000003
8.337743562 0.004344219808
7.773343195 0.037286959589999995
6.9327277270000005 0.004992921371
4.265722458 0.001397952787
-1.0 0.007354553323
-1.0 0.014235966840000001
9.482489354 0.0013381477910000001
-1.0 0.0030970603690000003
7.495228958999999 0.00493462896
9.020534827999999 0.008172289468
7.584748633999999 0.13160909710000002
-1.0 0.004824723583
9.558280511 0.014660997319999999
6.243875867000001 0.02861124836
7.011076775 0.008392560296
-1.0 0.002229783218
-1.0 0.002103381557
-1.0 0.01696089469
9.77545174 0.001669650432
4.501028517 0.0019759072459999997
7.698349946 0.016928199680000002
-1.0 0.0048512602220000004
-1.0 0.03527782485
-1.0 0.004254996777
5.48475169 0.0023365076629999998
-1.0 0.0009495859849000001
7.737140403 0.003656020621
-1.0 0.01245242637
8.772935244 0.01235927828
-1.0 0.2471343726
-1.0 0.1819475144
7.145462018 0.02100947313
3.206818812 0.002869034419
6.673705124 0.00594371045
8.156617434 0.018749566750000002
4.802727778 0.004981381353
-1.0 0.07810929418
7.021877595 0.00941081997
9.107646206 0.014951014890000001
9.303266811 0.3989090025
-1.0 0.004979998805
-1.0 0.009451106191
4.091935073999999 0.008670242503
-1.0 0.003502132138
-1.0 0.002052345779
5.411260068 0.007659772411
9.070318151 0.002442765515
9.375167048 0.0045183980839999995
7.366548915 0.09384218603
-1.0 0.004946665373
-1.0 0.03482022509
7.938707626 0.0013565545670000002
-1.0 0.006217374466
-1.0 0.025143664330000003
9.638238714 0.003385776654
8.710929475 0.01253205072
-1.0 0.0077542047950000005
-1.0 0.02386071347
8.211769477 0.009401090443
8.891674285 0.01311051473
7.268511561 0.01023358945
5.726562201 0.002851746976
-1.0 0.001026548911
-1.0 0.002973188879
-1.0 0.022012718019999995
-1.0 0.008839837275
-1.0 0.011653396299999999
-1.0 0.008417473175
-1.0 0.004442092963
-1.0 0.007115683984
9.542480755 0.01025633235
-1.0 0.19873636960000002
7.776105556 0.003214457072
-1.0 0.1523156315
8.397794823 0.010783702140000002
3.285932243 0.008394659497
-1.0 0.0013402252230000002
9.026029768999999 0.005723266397000001
8.516959411 0.1718367636
8.321471811 0.0026164120060000002
9.587611718 0.3969062269
-1.0 0.003130478784
-1.0 0.009683565237
9.481737487 0.02034449205
6.939996206 0.02228225023
9.495506372000001 0.1869790405
7.264974012000001 0.25149944420000003
8.695481847 0.005167772528
9.245124622999999 0.005407741293
6.745346515 0.006841443945
-1.0 0.002731397748
8.193261504 0.007362821605
9.007596533 0.002736105584
9.285255161 0.024288529530000002
-1.0 0.23369172219999998
-1.0 0.01457457989
7.629508042 0.01751449145
9.150214611 0.005367391742999999
8.650415842000001 0.02408608049
9.276759346 0.0046579884370000005
7.710353388 0.003496556543
8.73762011 0.0026246835479999996
6.941138415 0.01016329415
-1.0 0.001254651928
7.346186953999999 0.028978938239999995
7.638240676000001 0.004651977214999999
-1.0 0.625962019
7.072100232 0.007237322628
-1.0 0.0038043104580000003
-1.0 0.0043222978710000005
9.151156653 0.001689817407
8.958620791 0.02176956274
-1.0 0.005125036463
-1.0 0.003384351963
-1.0 0.0006359002437000001
-1.0 0.004882606678
9.388734652 0.024552673100000002
9.376980813 0.01960466802
-1.0 0.004006970208
4.275123924 0.01130974293
-1.0 0.04461747035
5.624105581 0.01311143767
9.380617398 0.006624985952
-1.0 0.005733735859
8.769368111 0.030055055389999998
4.918264017 0.0015218043700000001
-1.0 0.0013521492949999999
-1.0 0.004487628117
8.069661005 0.007944907993
-1.0 0.004073617979999999
7.96310226 0.00199144613
-1.0 0.005924043246
-1.0 0.0009554396383
-1.0 0.001192653668
-1.0 0.01045279298
7.321090058999999 0.008040155283999999
9.112405408999999 0.009015854448
-1.0 0.0111857513
3.670872573 0.004213389009
9.372741524 0.01065509394
6.50130783 0.009103266522
-1.0 0.001298119314
8.357981721 1.0
-1.0 0.004153590649
7.437393823 0.001016981318
7.712078632000001 0.00491329236
-1.0 0.0013307329500000002
-1.0 0.006296477280999999
6.835359167999999 0.006892874837
5.931311145 0.00228840299
9.098587312000001 0.004285090603
8.424404755 0.019395830109999998
9.598127117 0.09227803349
7.734953881 0.5354626775
-1.0 0.007281080354000001
-1.0 0.005169039126
-1.0 0.6506895423
6.4635359470000004 0.003477765946
8.561379142 0.007136604749
-1.0 0.0088181803
-1.0 0.008091039024
-1.0 0.000529333076
8.873649661 0.008662375621
8.788502812 0.054630782460000006
6.77359588 0.01482496131
-1.0 0.02336519957
8.388893312999999 0.323202014
9.083395571 0.008804081008
7.602765457 0.001996889012
8.605422082 0.004922015592
-1.0 0.06763664633
5.5101048089999995 0.003042595461
9.326252305 1.0
7.98273127 0.031067995350000002
9.035516121 0.04032615572
7.3937325 0.04101022705
5.962973183 0.008531956002
-1.0 0.0030241538770000003
9.072341723 0.011240263470000001
-1.0 0.005631839856999999
8.77753592 0.003279257566
-1.0 0.019170753659999998
-1.0 0.0179802198
-1.0 0.01577223651
9.374633728 0.004179179668
7.880062726 0.014311179519999998
-1.0 0.003927599173
-1.0 0.0040195984769999995
-1.0 0.001628947444
8.851887402000001 0.04804013669
9.573053842 0.015148003590000002
5.59260147 0.005453020334
-1.0 0.005689426324999999
8.013487217 0.01141996216
-1.0 0.0043549197730000004
8.193314186 0.1674947441
-1.0 0.07382106781
7.955940983 0.0147957122
5.6336304120000005 0.003784301225
-1.0 0.002265397692
9.481337148 0.007739205379
6.709067354 0.0016682480929999998
-1.0 0.005598725285
-1.0 0.003996163141
-1.0 0.036055523900000004
-1.0 0.002095029922
-1.0 0.02664891258
8.008395789 0.004728853703
5.655082221 0.012800290249999999
-1.0 0.02120252512
-1.0 0.01097937115
8.996786605 1.0
-1.0 0.01600353979
6.829617667000001 0.3828593493
8.444171142 0.5155488253
9.06430085 0.008871730417
8.564868535 0.004027923569
8.45041471 0.0052929548549999995
8.063111967000001 0.0255681742
6.816731226 0.003809136571
9.017368983999999 0.02242745645
8.883720439 0.11545872689999999
-1.0 0.002864867914
7.70256231 0.008673223667
9.386068261 0.6594946979999999
8.543890605 0.01235196088
7.129020427 0.004658429883
9.075346091 0.0037294242070000003
9.240725092 1.0
6.495020816 0.01180942636
8.899310612999999 0.005706261378
6.874860327 0.0035738053269999998
9.073437596 0.001485996414
8.215734972 0.01030462887
-1.0 0.1723634154
-1.0 0.007656408474
7.131360565 0.0016411187830000001
7.490820965 0.0018717782800000001
8.484596603 0.01522318274
7.1245424029999995 0.008139722981
8.868952916 0.02371811867
7.352651317 0.005745510105
-1.0 0.01929775067
-1.0 0.2284467518
8.93101778 0.005852406844
9.171301545 0.06035377458
-1.0 0.00202360563
9.132337656 0.009052096866
7.712157996 0.006724928506
-1.0 0.004577532411
6.317470845 0.004134490155
9.459151872 0.001101106755
9.236014994 0.008683819324000001
-1.0 0.001407059724
-1.0 0.004456952214
-1.0 0.01916575804
-1.0 0.1566418409
-1.0 0.1817053854
9.443686664 0.013524586330000001
-1.0 0.003349187318
-1.0 0.008096499368999999
-1.0 0.002113577444
8.945975273 0.0014360516800000001
9.347279007000001 0.006925668102
-1.0 0.002932267031
8.288018412000001 0.003057848895
5.690233012 0.004992702976
6.475613703 0.0019690520129999997
-1.0 0.011215120549999999
-1.0 0.0156981498
-1.0 0.00604121713
-1.0 0.01324748434
-1.0 0.007125457749
8.359135769 0.007198057603
-1.0 0.0016701871059999999
8.715100214 0.008563585579
8.120796289 0.008636800572000001
7.449230372000001 0.0036986016200000003
-1.0 0.002560978523
-1.0 0.020167706530000003
9.00131253 0.013676107859999998
-1.0 0.001161593827
-1.0 0.01892240345
7.387747106 0.02299685031
9.021185134 0.01111901179
9.366771064 0.004188671708
-1.0 0.001466229791
-1.0 0.004548285156
6.162996572999999 0.011308801359999999
8.075359651 0.003995438572
-1.0 0.03300060332
-1.0 0.004097377416
-1.0 0.006003658752999999
-1.0 0.0030151947869999996
9.108189792000001 0.01698980667
7.915246409 0.6135911942
-1.0 0.03182050213
9.282049019 0.02291361988
-1.0 0.0007009659894
-1.0 0.6838453412000001
8.482382861 0.0029342218770000003
8.623805692000001 0.003106023651
-1.0 0.002651452087
-1.0 0.01163554192
7.90793941 0.01910711452
8.056822296 0.009765144438
6.855998951 0.004929854069
9.433765102 0.008317534812
9.183975678 0.03177465871
-1.0 0.01335374545
8.814574878 0.0057545783929999995
9.407712788 0.02640762925
7.910768545 0.1537507623
7.541996372000001 0.005464568734
6.044032402000001 0.0034991262949999997
7.2644191860000005 0.08729231357999999
9.213809529 0.027717527000000002
9.112940015 0.053652178499999995
-1.0 0.003405640367
-1.0 0.0009565380168999999
-1.0 0.03510523215
-1.0 0.007750596851
-1.0 0.004129675217
8.456127453999999 0.02107579634
6.748902623999999 0.01395277865
9.281417428 0.010446328670000001
-1.0 0.004955304787
-1.0 0.0031551648859999997
-1.0 0.03212805837
8.889373266 0.007254176773
-1.0 0.005471358076
9.648440345 9.400080307e-05
3.674796423 0.007212176452999999
8.882563649 0.009058883414000001
-1.0 0.002592609264
-1.0 0.022588409480000002
7.664793776000001 0.01752031967
8.580674961 0.1911207438
8.343972237000001 0.002044698689
7.417488481 0.0006640517968
-1.0 0.0025668654130000003
-1.0 0.012156847859999998
-1.0 0.0236612279
7.0154792 0.005349489860000001
8.662597052 0.1071878448
8.58006138 0.004613220226
8.060426285 0.004393012263
6.349003167999999 0.006468594540000001
-1.0 0.003596659983
8.725680842000001 0.01236000936
-1.0 0.02543043531
8.662597052 0.01260635257
-1.0 0.0008137551485999999
-1.0 0.002506727586
9.043228217000001 0.0018869730410000002
6.550009007000001 0.008986492641
-1.0 0.002495303517
8.368413725 0.005443282425
6.298990521 0.005095655564
7.350289802000001 9.110981045999999e-05
9.390361231 0.0009765647119
-1.0 0.001709478325
8.438796717 0.1586610228
6.972735017000001 0.005364805926
8.788625429 0.006582978182
9.332740147 0.01047768816
5.976788807 0.007986825891
8.760973073999999 0.005674188957
-1.0 0.01132009365
6.979094602000001 0.031834274530000005
5.520387056000001 0.004572188482
-1.0 0.004746465012
-1.0 0.0012013794620000001
6.906126124 0.008253782056
-1.0 0.010356309820000001
-1.0 0.007316076197
6.65303532 0.6392638087
9.07367157 0.024133924390000002
-1.0 0.004616672173
9.675349582 0.6010020375
-1.0 0.011210722849999999
6.901255036 0.012601125990000002
8.580674961 0.009399140254
-1.0 0.009349133819
-1.0 0.06325391679999999
6.564806862999999 0.007644328754
7.895558261000001 0.0130152721
-1.0 0.01092800125
5.25628779 0.0143060647
7.192183927 0.007595943286999999
-1.0 0.0011000937080000001
9.106528407999999 0.02033010684
-1.0 0.01278719772
-1.0 0.02409210801
8.105820929 0.004808829166
7.718773783 0.01254951674
8.816980748999999 0.014883650469999997
-1.0 0.04798623547
-1.0 0.003110818565
8.897411935 0.008496444672
-1.0 0.009529554285
7.948443446000001 0.010843524709999998
7.813492786 0.3255093694
9.495037365 0.00636556698
8.004802489 0.001798655489
6.475264886000001 0.04122777283
7.801975399 0.3172796071
8.466331211 0.006040232722
-1.0 0.0009953291155
-1.0 0.0006517223082
-1.0 0.03467179835
9.551441007000001 0.013456525280000001
7.436133555 0.008011804894
-1.0 0.022302862259999997
9.253390125 0.01101024635
8.291701117999999 0.002031118376
-1.0 0.01470975392
-1.0 0.013136920520000001
-1.0 0.024089343849999997
-1.0 0.018159462140000002
-1.0 0.002397657372
-1.0 0.01785629615
7.712974011 0.0009525596397000001
9.493488601000001 0.08281771094
-1.0 0.003920670599
9.244101931 0.01586974971
7.465891178 1.0
9.281022784 0.3974096775
-1.0 0.028230194
8.940712431 0.006091210991
6.283121922 0.004614042584
-1.0 0.0003504269698
9.254786118 0.00284295436
7.888594632999999 0.1585326493
8.226886802000001 0.028634568680000003
-1.0 0.0017900988459999998
8.720862996000001 0.0056862575
-1.0 0.001514761127
-1.0 0.008773410693
-1.0 0.002778063994
-1.0 0.03332023323
6.608216537000001 0.01048205234
6.19684497 0.005319444463
6.523389445 0.002350271214
8.833002275 0.0051192962560000005
-1.0 0.003431418678
-1.0 0.1408189088
-1.0 0.006336305756
8.857697438999999 0.02226940729
9.406314808 0.003648984944
-1.0 0.003856707597
-1.0 0.006900672335
9.045055888 0.009924730286
4.260380013 0.02336291969
6.549523161000001 0.01292502042
7.092277615 0.003130045952
-1.0 0.06422548741
7.060920862000001 0.001455472549
7.592533235 0.012695947659999998
-1.0 0.002743656049
8.676716587 0.03959601745
7.377731713999999 0.005168725271
9.189459839 0.0039058469700000006
8.238043699 0.004482083488
9.003544912999999 0.005542102735
7.408917167 0.3534556925
6.274596894 0.013947385359999998
8.058907528999999 0.0009913409594
5.484363755 0.008611701429
9.330662688 0.0178753268
7.5125667 0.08215526491
7.955331321 0.032614216210000005
-1.0 0.2704323232
-1.0 0.0009860260179
8.645263302 0.007466821466
-1.0 0.00531779509
9.16428992 0.004670375027
9.637256169 0.03954569623
5.520906707999999 1.0
7.749543083 0.0028222019319999996
4.254830957 0.006832085084
7.304612934 0.004031291232
-1.0 0.03578646481
9.069572058 0.0032522086989999997
7.457994714 0.02491834201
7.260049479 0.006884873845
7.971281874 0.008752648719
8.53646143 0.02362233773
7.580693442 0.01852518506
8.614501968999999 0.0061931577509999995
6.55949147 0.03764595091
-1.0 0.0053666834719999995
4.507590771 0.022952064869999997
-1.0 0.007240172476
7.18757752 0.0023453710600000004
8.74483723 0.1762361377
8.423227702 0.009386509656999999
-1.0 0.004476746079
9.021587482000001 0.02806932665
9.449358301 0.008524280041
-1.0 0.001489086542
-1.0 0.6375675797
9.49358728 0.013812107969999998
9.61357161 0.6164123415999999
-1.0 0.2230128646
-1.0 0.003701717826
-1.0 0.00153457548
-1.0 0.002541931346
7.862927764 0.006419747137
6.389147627000001 0.01813327335
7.178300219 0.043750714510000004
8.868563044 0.05122766643999999
-1.0 0.00422958564
-1.0 0.005902929231999999
7.412337321 0.011986110359999998
7.2877367589999995 0.004752010573
-1.0 0.0007400636096
-1.0 0.008702939376
-1.0 0.005513518582999999
8.434765898 0.010787324979999999
-1.0 0.0139879426
7.138234488999999 0.002267708071
-1.0 0.01878235303
6.300530212000001 0.001008524792
8.600873506000001 0.01779584773
7.469315467 0.01557825506
7.865989905 0.002897862578
9.323734275 0.002911119489
5.253845493 0.007917216048
9.010933752 0.02648560144
-1.0 0.002118798206
-1.0 0.22753477100000002
8.71442168 0.002510836348
8.764752278 0.02574250847
9.303266811 0.4020732045
-1.0 0.008221154101
8.537560844 0.015199418180000002
-1.0 0.002256807871
-1.0 0.005404891446
3.235588533 0.029473280530000003
6.873545611 0.01018103212
8.017317974 1.0
8.600468607 0.006062978879
8.834551497 0.01303444616
9.002469309 0.012976641770000002
9.586625899 0.1841102839
-1.0 0.002872779267
9.442052274 0.0041374098509999995
6.896138066000001 0.01419166196
6.615190712 0.01797992922
7.40922204 0.003942111973
7.086456267000001 0.0264539551
9.270086138 0.01323568169
-1.0 0.48513859509999996
-1.0 0.043820645660000004
8.973927093 0.0058693257160000005
-1.0 0.001406017225
-1.0 0.009252429940000001
7.582388095 0.014318872240000002
7.375508298 0.008894980884999999
6.871931469 0.002293684054
-1.0 0.005612432957
8.596312247 0.0037985756060000004
7.592335739 0.006995308679
-1.0 0.001065941178
-1.0 0.001958192326
9.030236257 0.021765818819999998
-1.0 0.01673964411
8.623515555 0.2319712639
-1.0 0.061404820529999994
9.624087009 0.01113057509
-1.0 0.0052756611259999996
-1.0 0.036185879260000005
7.9045552379999995 0.015770545230000002
-1.0 0.004452761728
-1.0 0.02622201107
9.428297237 0.006957685109
9.282365303999999 0.03656332567
-1.0 0.004727896303000001
6.963387435 0.008805824444
-1.0 0.004290957004
-1.0 0.04763354734
7.8253953229999995 0.008959824219
8.784852231 0.02646065503
-1.0 0.1724433005
7.498151967 0.04202044755
-1.0 0.0009046954801
8.514472749 0.009583688340999999
-1.0 0.005143576767
8.669683714 0.002834402723
6.2996806229999995 0.006500183604999999
8.275170109 0.01397413015
3.090112084 0.002175187692
9.114922313 0.009566516615000001
-1.0 0.48557055
-1.0 0.05460103601
-1.0 0.002828508848
6.2717053279999995 0.009091932327
9.159874392 0.006672688760000001
-1.0 0.1442886293
7.655827821 0.04187881574
-1.0 0.00396705512
-1.0 0.0063274018469999995
-1.0 0.06847783922999999
-1.0 0.003695252119
-1.0 0.02305831201
8.51388912 0.0831990093
5.07251704 0.009839744307000001
-1.0 0.01487746555
7.821278436 0.000385925232
-1.0 0.0004827724188
-1.0 0.005406578537
-1.0 0.15993782880000001
-1.0 0.0204930231
7.0602873839999996 0.004408872686
9.487684799 0.015478763730000001
-1.0 0.004486166872
-1.0 0.001055396628
-1.0 0.00453058444
8.980481502 0.00863022171
-1.0 0.0015820403349999998
4.394520717 0.0019789659419999998
9.431872898 0.5946977139
8.571143398 0.02121143974
8.45041471 0.008111577481
-1.0 0.005028704647
-1.0 0.0058086034840000005
-1.0 0.025581726800000003
6.829586882999999 0.024065293369999997
7.1286894179999996 0.005852718838
-1.0 0.00148256775
-1.0 0.003614614019
-1.0 0.01029897574
8.400210689 0.01724859886
9.177963018 0.02112794481
-1.0 0.06698867678999999
-1.0 0.0173397772
7.7510044670000005 0.15406453609999998
8.720862996000001 0.0071896975859999995
8.519100683 0.007301960606
8.123369171 0.01374974009
5.954377383 0.0014364004600000001
7.3926618710000005 0.009863585234
8.791127643 0.030439700930000004
-1.0 0.005630657077
9.37349211 0.05779774114
7.907821396 0.02666369267
5.933998347999999 0.01564999111
-1.0 0.07890219241
8.564893717 0.00448664045
9.296913535 5.7846675189999995e-05
9.317862551000001 0.0234981142
3.445477037 0.052798565480000004
-1.0 0.014131054280000001
9.442354123 0.0054720263
-1.0 0.015171437519999999
-1.0 0.02336391993
-1.0 0.004560943693
-1.0 0.005983097479
-1.0 0.03630197793
7.95580472 0.03505882993
-1.0 0.008602092974
9.61882931 0.026732115069999996
9.170775484 0.00263398909
7.03448002 0.004678891506
7.3556677839999995 0.007197552361
-1.0 0.0637838766
-1.0 0.009509009309
7.251950456 0.02112766914
6.700007867 0.005255409982
-1.0 0.0041101202370000004
7.387176472999999 0.008815206587
7.168569739 0.012413634920000001
8.634163115 1.0
-1.0 0.003410218749
-1.0 0.1218136773
-1.0 0.001290049287
-1.0 0.007763377855999999
-1.0 0.01175544504
-1.0 0.0007536984631000001
7.954659522999999 0.007350104394999999
8.697729325 5.382864856e-07
-1.0 0.02014789544
9.232070913 1.0
-1.0 0.02384644188
-1.0 0.0019914498550000002
-1.0 0.0011468471490000002
9.13024071 0.0006243570824
-1.0 0.029962582510000002
8.590861768 0.024029621850000002
-1.0 0.4209060967
-1.0 0.008669459261
8.123205354 0.00288541778
-1.0 0.2004232407
9.007763812 0.007551244926
9.189491895 0.003116765758
-1.0 0.0332923159
8.002380349 0.006880355068
6.438869293 0.05758757889
8.484596603 1.0
-1.0 0.07257053256
9.442221716 0.0147297103
-1.0 0.010946600700000001
-1.0 0.02021770179
-1.0 0.0099667795
7.54892463 0.007951838896
8.645263302 0.01383937895
-1.0 0.003664905438
-1.0 0.057474452999999995
7.219137786 0.01311873458
9.007421177000001 0.008468101732
-1.0 0.011899545790000002
-1.0 0.01680235378
9.415467572999999 0.0191455856
-1.0 0.003571905196
-1.0 0.056677192450000004
5.525968655 0.018520560119999998
8.780647614 0.231505543
-1.0 0.05451216176
7.279616953 0.003674926935
-1.0 0.0034509929830000004
9.261937904 0.004695064854
7.5590682629999995 0.002380381105
5.93792432 0.0070511261
-1.0 0.0001240247075
-1.0 0.04238643125
-1.0 0.006794882938
-1.0 0.003996858839
-1.0 0.15624591710000002
4.126396714 0.001989387674
7.851529823 0.023946290840000002
6.4631648120000005 0.0028037482410000003
7.570603168 0.007883428595999999
8.895763418 0.005457157269
8.853027273 0.00714753801
-1.0 0.12373036150000001
-1.0 0.001013857313
-1.0 0.015510372819999998
-1.0 0.011885248119999999
-1.0 0.006491025444
9.10373904 0.00319231418
8.931032144 0.013188156299999998
9.451031463 0.003694519633
9.113284602 0.0038072431929999997
5.935670464 0.00696960697
9.192339985 0.0020739911120000003
-1.0 2.7249293450000004e-06
7.997916313999999 0.01111678965
8.503120036 0.003604983445
2.563987553 0.0130160721
6.566546622000001 0.0031828610230000003
6.920622586 0.006594692357
8.111333216 0.002534595551
8.162778885 0.004310419317
9.423929108 0.004665258806
5.809518249 0.003112402279
-1.0 0.002801396186
-1.0 0.0014919602540000001
8.146126336 0.005652804393
8.344387967000001 0.0005378097994
-1.0 0.02869176865
-1.0 0.0059392936529999996
9.495801959 0.01010350324
-1.0 0.0041553829799999996
8.204735173 0.0009986941004
8.074528497000001 0.001719351974
9.025482842 0.3979450166
8.199334481000001 0.00509277638
7.151212988999999 0.005989506840999999
9.441995599 0.1839854568
-1.0 0.0019520400090000001
9.016503499 0.01183266472
-1.0 0.06661892682
6.883031018 0.01773795858
5.212337827 0.007419143338
7.500358307999999 0.010858161370000001
7.223455737 0.002014364116
9.340705161 0.004194644745
3.0494708260000003 0.00320767099
8.400210689 0.018108326940000002
-1.0 0.01033343282
5.886585462999999 0.020617574450000002
-1.0 0.002426774474
7.3511017789999995 0.05485326424
6.188930823 0.006563663482999999
8.043254685 0.005571363959
-1.0 0.004402969033
-1.0 0.01903638989
6.697785776 0.01262502093
-1.0 0.006277562119
-1.0 0.0035478034989999997
6.804100217999999 0.013934321699999998
-1.0 0.01038629375
-1.0 0.0017369353450000001
4.6577781730000005 0.02823491395
-1.0 0.001686915639
-1.0 0.01182939019
-1.0 0.03561513126
8.680022671 0.00491764769
-1.0 0.00220042048
8.511387599999999 0.0012559976889999999
9.108189792000001 0.008521803655
7.658491306 0.0077308658510000005
6.864222933 0.005746860057
7.327408999 0.002787469421
7.402475624 0.0167381838
9.454389591 0.008964844048
8.295032259 0.01332180202
9.505479535 0.01523672324
9.038133097000001 0.06199496239
-1.0 0.008994010277
7.517150116 0.04058051482
-1.0 0.01529939007
-1.0 0.001285344246
8.812212597 0.008452047594
8.140732773 0.08994472027
-1.0 0.008575557731
-1.0 0.006897005253
-1.0 0.011458662340000002
8.64047275 0.01773610339
-1.0 0.002120668534
-1.0 0.0030161340259999996
6.794418767000001 0.004238367081
-1.0 0.01133019757
8.501146965 0.005573751871
8.972142916000001 0.004403136205
-1.0 0.025175848980000002
-1.0 0.002749180188
6.190133937000001 0.005337392446
-1.0 0.001996654784
6.236745786 0.0007538127247000001
-1.0 0.005385712254999999
9.083233138999999 0.06266801058999999
-1.0 0.009049053304
-1.0 0.006302668247
8.891216579 0.0005219568848
6.03374108 0.2769882679
8.875740951000001 0.009718242101
-1.0 0.01110364683
8.023204326 0.04537048936000001
-1.0 0.004678171594
8.996786605 0.012713062579999998
9.48051325 0.004711731337
4.4904139910000005 0.0060343868099999995
6.965838377000001 0.5903509259
-1.0 0.0014410479930000001
-1.0 0.004070898984
9.316242492999999 0.0003740201937
9.245859463 0.2620724142
7.394004236000001 0.02085255273
8.700049827 0.007161568385
-1.0 0.48297718170000004
-1.0 0.07754527032000001
9.210934604 0.007948599756
8.93877406 0.39354515079999997
8.123369171 0.005196646322
-1.0 0.027728298680000003
9.443175196 0.008935498074
-1.0 0.001619338407
9.256043672999999 0.004963783082
9.114999634 0.001567254425
6.078098952 0.010809948670000001
7.298120083 0.004020676948
-1.0 0.001200147672
-1.0 0.004639235791
7.931504896 0.024376520890000003
8.980116557 0.05180250108
7.600483737 0.01118761301
-1.0 0.009223952889000001
6.753163292999999 0.002579189371
-1.0 0.004348022863
6.6425955729999995 0.01705680788
7.012120284 0.015071072619999999
7.399799009 0.002433461603
-1.0 0.1553690434
8.691909418 0.7235854864
7.731111785 0.009292335249
9.213809529 0.01843602583
-1.0 0.003945881035
7.171818997000001 0.01615497656
-1.0 0.02117120102
6.796579881 0.04870656878000001
-1.0 0.006973720621
9.442043494 0.010694865139999999
4.488394747 0.0009945762577
-1.0 0.48043215270000006
8.714391789 0.03771549463
8.058907528999999 0.01224669907
7.617030457 0.003422948532
7.913327325 0.007313674780999999
8.891130255 0.008539479226
8.640366107 0.1427176148
7.873260123 0.058836251500000006
9.158290774 0.03810705617
9.465789295 0.01083473209
6.402757093 0.01049024705
9.675349582 0.0175351724
9.253588484 0.013565502130000002
-1.0 0.0008489810862
-1.0 0.004305945709
9.332172746 0.01117454469
-1.0 0.0008033568737999999
9.318284265 0.011104003529999998
9.295481402 0.0485191159
8.316296191000001 0.003598399227
6.452163799 0.0006559210597
-1.0 0.15938179189999999
-1.0 0.09738101064999999
9.492042705 0.0004425220832
7.775251632000001 0.01039133593
-1.0 0.004438200034
7.035518828 0.005824470893
8.564868535 0.017653154209999997
-1.0 0.001437652158
-1.0 0.00151208695
9.018087298 0.01173390727
8.032448148 0.013091263359999999
9.360563451 0.0022113556039999997
8.542680993 0.0783727318
-1.0 0.004352679476
8.775801603 0.007188577671
7.048202615 0.0036988323550000003
8.564713002000001 0.003179330844
-1.0 0.05202233419
9.331257212 0.006681487896000001
8.287906895 0.0015858238329999998
6.534229036 0.010350517929999999
8.552403799 0.01368164457
8.45178491 0.08032254875
-1.0 0.05273983628000001
7.525488531000001 0.027404280380000003
-1.0 0.007634734735
8.689109042 0.008428135887
7.623880557000001 0.013233039529999999
-1.0 0.01002098247
-1.0 0.01017783117
-1.0 0.00118438364
-1.0 0.0014298576860000002
-1.0 0.04569417983
-1.0 0.003407251323
4.7006289610000005 0.060050420460000004
8.251301742999999 0.004628821276
8.226174165 0.2628312707
-1.0 0.01842333376
6.549059522 0.004923013505
7.409508067999999 0.001254698727
-1.0 0.013778107240000002
-1.0 0.001786653069
7.349630315 0.045556966219999995
-1.0 0.0003171091666
7.500358307999999 0.012269549070000002
-1.0 0.001585612888
3.845861186 0.00643160427
9.420555159 0.011535032649999999
6.551377717 0.01818920858
-1.0 0.01511934679
-1.0 0.03167654201
8.008514417999999 0.010363888
7.72255766 0.001405997784
-1.0 0.01019032113
6.601778964 0.1412540823
-1.0 0.01407973841
8.964294608 0.05335048586
6.975495769 0.02455800213
8.353987523999999 0.012100846509999999
6.745906274 0.004155790899
9.478936017999999 0.01295660622
7.23206347 0.034726165239999995
-1.0 0.01172507834
6.369323501 0.01368202642
9.60568506 0.051961775870000004
8.432575244 0.01257865876
6.508491095 0.003124094568
7.931504896 0.005444303155
5.108548205 0.02248296142
9.19671774 0.0013840560569999998
-1.0 0.02258941531
9.297149704 0.0008502544952000001
8.81777598 0.00338635128
-1.0 0.01770720445
9.306047314 0.02080508508
7.070197395 0.0062595182099999995
6.956418995 0.01750251278
7.950665042000001 0.0019883320199999997
7.820026027000001 0.01565766521
-1.0 0.5393685699
7.3688994260000005 0.0013564407130000002
6.766838969 0.02239271812
-1.0 0.18476587530000002
-1.0 0.01023186743
-1.0 0.005300479010000001
9.385986952 0.01747788489
6.421241737999999 0.009381234645999999
7.500358307999999 0.019418248909999998
-1.0 0.025467533619999996
7.749279222999999 1.0
7.315062809 0.008932162076
9.216878571 0.027179129419999996
7.495557317 0.6227257252
8.052238554 0.01568785682
-1.0 0.0013367841020000002
-1.0 0.001113067847
-1.0 0.001410042285
-1.0 0.0018377287779999998
6.98636879 0.0
-1.0 0.00815535523
9.160720899 0.009457370266
9.284544755 0.001386851771
-1.0 0.005309765227
8.086220675 0.008064963855
-1.0 0.007954077795
9.168359169 0.001087716781
-1.0 0.004288013559
-1.0 0.09567613154999999
8.994082119 0.01622936875
-1.0 0.004619624
-1.0 0.008416056633
-1.0 0.01056135353
8.687666017 0.0008716589073
-1.0 0.057813465599999996
-1.0 0.011085346340000002
9.112118499 0.07355800271
-1.0 0.00610785
8.410631653 0.1754098684
-1.0 0.03220959753
8.980481502 0.01712183282
6.001587131 0.001101563568
-1.0 0.005948369857
8.592315409 0.02087973803
-1.0 0.01195423864
7.511172086 0.006116126198
-1.0 0.47026881579999996
-1.0 0.001195538905
7.027559711 0.027200445530000002
6.287980058 0.01268666517
-1.0 0.005030167289
-1.0 0.003292839509
-1.0 0.001024689642
8.976557327 0.005294333678
5.368314471000001 0.004609852098
8.698100193 0.004245194141
-1.0 0.0030569590159999997
9.204662554 0.012605475259999999
8.145104077000001 0.012402765449999999
7.430459807999999 0.009553616866
8.396817517999999 0.1356002837
-1.0 0.02343070693
-1.0 0.005744211376
-1.0 0.013851347380000002
-1.0 0.0033133279070000003
8.963038877999999 0.024226719509999998
-1.0 0.001503418433
-1.0 0.004083153792
-1.0 0.023492850359999998
8.383899156 0.01226756442
-1.0 0.0014347262909999998
7.905763779 0.005445814226
8.627298755 0.1118622199
-1.0 0.02516057156
7.86764809 0.008781315759000001
9.142381056 0.0155606484
7.156854565 0.014486079099999999
9.268629485 0.0180600863
-1.0 0.006184605882
-1.0 0.003140089102
-1.0 0.02652619965
8.058416373 0.007697635796000001
8.51103467 0.004637015052
-1.0 0.004269912373
-1.0 0.009103597142
8.185537776 0.009459919296
-1.0 0.03234144673
7.645322523 0.013111249540000001
9.120724261 0.0163763389
9.039825128 0.5626907349
-1.0 0.004032652359
-1.0 0.00647854479
-1.0 0.001997216372
9.68422195 0.6114974618
7.627275077 0.004914379679
7.622665437 0.010284385640000001
8.873730107 0.01100662537
9.335812309 0.0036460570990000003
7.294992331 0.002785285702
7.138234488999999 0.014076804740000002
-1.0 0.01068126038
5.028895164 0.0075360359620000004
7.389595282 0.01954716444
8.665750825 0.2208016217
-1.0 0.003646147205
6.50130783 0.0005732934806
5.933639167000001 0.004232538398
-1.0 0.02697250433
-1.0 0.007015616633
-1.0 0.001525889616
-1.0 0.01445341855
8.899310612999999 0.01015323959
9.372741524 0.02430593409
-1.0 0.002345978282
8.532998439 0.01837117039
-1.0 0.19282707570000002
-1.0 0.06995981187000001
8.744484024 0.006115101278
7.1330712620000005 0.0030935462560000002
8.762014907000001 0.03864796087
-1.0 0.01743318327
-1.0 0.003962025046
-1.0 0.024675982069999998
9.484262536000001 0.004575385712
-1.0 0.005921495147
8.338884700000001 0.0054821041410000005
9.279725216000001 0.013983386569999999
-1.0 0.01520924177
-1.0 0.02509712242
7.821192019 0.006345585454
-1.0 0.04198310897
-1.0 0.009760905057
-1.0 0.029857506980000004
8.996786605 0.19322860239999998
-1.0 0.001735160709
6.501558028 0.0045492546629999995
-1.0 0.0003964369826
-1.0 0.008112052456
-1.0 0.001165051712
-1.0 0.007694498636
8.50158893 0.01851812378
9.213809529 0.04481808841
-1.0 0.005756270605999999
-1.0 0.003947303165
9.455052397000001 0.00033835321660000004
-1.0 0.003998997621
7.483482472 0.01273842156
-1.0 0.07570886612000001
-1.0 0.0018634092989999998
8.072190071 0.2848877609
8.853196866000001 0.006310155614999999
-1.0 0.002480860101
7.786831995 0.10411532220000001
-1.0 0.0009068740182999999
9.224027909 0.009380671196
6.963123336000001 0.003701503156
9.386021505 0.0017501411489999998
-1.0 0.003857525764
-1.0 0.02474692464
9.090612333 0.04100428522
9.438495612 0.003807348898
-1.0 0.002876110841
-1.0 0.004232566804
-1.0 0.002170531312
4.424770994 0.008520788513
5.937166588999999 0.004899215419
-1.0 0.009222613648
-1.0 0.004333535209
-1.0 0.025146156549999996
-1.0 0.01125758328
-1.0 0.006501362193
7.251945951000001 0.011477286000000001
-1.0 0.005217958707
7.567153994 0.00036156826539999993
-1.0 0.005069516134
9.445321055 0.02661688626
-1.0 0.0008725724765
-1.0 0.005747401156
-1.0 0.00207554712
9.372031948 0.009272990747999999
-1.0 0.003825614462
-1.0 0.0009301116223999999
9.347303616 0.014708268459999998
-1.0 0.0015824383590000001
-1.0 0.006280818023
7.88234029 0.04948500916
-1.0 0.01692206785
7.869213511 0.017604179680000002
-1.0 0.001503624371
7.113870339 0.0074425237250000005
-1.0 0.00252835406
5.680384148 0.0046701869
7.978991137 0.002942866879
-1.0 0.003484967863
6.971809582000001 0.002229410224
-1.0 0.007279092446
8.101152914 0.002349985531
7.352651317 0.008977321908
