0
2
3
4
5
6
10
14
15
17
18
19
26
29
31
32
33
34
37
39
41
42
43
44
47
48
50
51
53
55
57
60
62
63
64
66
67
68
70
71
74
79
81
82
88
90
91
92
96
104
106
110
111
113
114
115
117
118
119
120
125
126
131
132
134
136
137
139
140
141
144
145
147
149
150
151
152
157
158
161
162
164
167
168
170
172
173
174
176
179
183
184
186
187
189
190
192
193
197
199
1
7
8
9
11
12
13
16
20
21
22
23
24
25
27
28
30
35
36
38
40
45
46
49
52
54
56
58
59
61
65
69
72
73
75
76
77
78
80
83
84
85
86
87
89
93
94
95
97
98
99
100
101
102
103
105
107
108
109
112
116
121
122
123
124
127
128
129
130
133
135
138
142
143
146
148
153
154
155
156
159
160
163
165
166
169
171
175
177
178
180
181
182
185
188
191
194
195
196
198